  FINAL ESTIMATES for 2015/01/20
 k, ht =  1  82.
 times   .5  1.5  2.5  3.5  4.5  5.5  6.5  7.5  8.5  9.5 10.5 11.5 12.5 13.5 14.5 15.5 16.5 17.5 18.5 19.5 20.5 21.5 22.5 23.5
 zonal   16    2  -26  -52  -47  -20  -18   -4   19   39   36   32   31   11  -21  -29  -24   39   51   82   67   67   50   43
 merid  -35  -48  -41  -20   16   35   46   39   33   -6  -40  -32  -31  -45  -35   -5   66   57   51   18  -16  -20  -27  -33
 # pts   66   80   51   44   48   65   69   62   51   43   41   41   36   41   37   22   30   31   35   23   45   45   57   70
 k, ht =  2  85.
 times   .5  1.5  2.5  3.5  4.5  5.5  6.5  7.5  8.5  9.5 10.5 11.5 12.5 13.5 14.5 15.5 16.5 17.5 18.5 19.5 20.5 21.5 22.5 23.5
 zonal    7  -30  -58  -51  -12   -1    7   37   48   41   20   18   14    9    3    1   16   93   90   65   54   34    7  -13
 merid  -43  -46  -17   32   59   46   36   22  -29  -52  -57  -47  -23  -19   40   64   75   30   -4  -49  -38  -29  -22  -13
 # pts   65   68   66   62   75   73   79   65   51   62   53   50   50   37   35   25   21   30   24   36   48   54   63   72
 k, ht =  3  88.
 times   .5  1.5  2.5  3.5  4.5  5.5  6.5  7.5  8.5  9.5 10.5 11.5 12.5 13.5 14.5 15.5 16.5 17.5 18.5 19.5 20.5 21.5 22.5 23.5
 zonal  -15  -28  -29  -10   15   32   45   47   28   12   -4  -18  -21  -10    3   16   81   88   42   45   28  -17  -24   -6
 merid   -6   21   49   57   49   19  -12  -23  -45  -30  -16   30   54   63   74   56   13  -10  -56  -54  -35   -3   20   40
 # pts   80   50   68   81   89   64   66   81   68   82   55   40   39   35   30   30   25   33   26   38   42   49   72   60
 k, ht =  4  91.
 times   .5  1.5  2.5  3.5  4.5  5.5  6.5  7.5  8.5  9.5 10.5 11.5 12.5 13.5 14.5 15.5 16.5 17.5 18.5 19.5 20.5 21.5 22.5 23.5
 zonal  -21  -14   -4   26   64   65   35   12   -2  -11  -23  -35  -22  -13   -2    5   63   73   27    6   -7  -27  -19    5
 merid   19   78   73   61   28  -10  -37  -30  -30  -18   33   74   92   95   75   59   12  -13  -44  -33  -11    9   24   44
 # pts   44   38   56   46   67   59   68   74   62   56   42   52   50   24   21   18   23   14   22   26   37   46   57   45
 k, ht =  5  94.
 times   .5  1.5  2.5  3.5  4.5  5.5  6.5  7.5  8.5  9.5 10.5 11.5 12.5 13.5 14.5 15.5 16.5 17.5 18.5 19.5 20.5 21.5 22.5 23.5
 zonal   -2   16   15   73   75   59    7  -19  -11  -34  -38   -2  -10    9   44  102   69   44    6   -2  -35  -12   -2   25
 merid   78   88   73   41   15  -15  -22   -9   -6   22   58   79  110   87   22    4  -10  -26  -32  -19    9   16   17   23
 # pts   30   45   46   45   69   61   67   64   51   38   30   27   22   15   11   16   19   10   16   24   25   40   50   56
 k, ht =  6  98.
 times   .5  1.5  2.5  3.5  4.5  5.5  6.5  7.5  8.5  9.5 10.5 11.5 12.5 13.5 14.5 15.5 16.5 17.5 18.5 19.5 20.5 21.5 22.5 23.5
 zonal   31   31   22   91   82   40    6  -14  -17  -31  -11  999   66   54   89   75  999  999  999   -4   61    3    3   15
 merid   90   86   53   -9   -7  -20  -14    3   27   45   31  999   -2   11   22  -23  999  999  999  -14   31   25   19   28
 # pts   21   24   16   29   30   26   29   27   23   18   11    6   13    9    8    9    5    6    6   16   10   23   26   28